  single point
         t1s00    8.0000000E-03     1.000000         0.000000    
         t1s01    8.7133000E-02     1.000000         0.000000    
         t1s02    6.7133000E-02     1.000000         0.000000    
         t1s03    0.3071330         1.000000         0.000000    
         t1s04    0.5097780         1.000000         0.000000    
         t1s05     1.030670         1.000000         0.000000    
         t1s06     1.681250         1.000000         0.000000    
         t1s07     1.200130         1.000000         0.000000    
         t1s08     1.595380         1.000000         0.000000    
         t1s09     1.489030         1.000000         0.000000    
         t1s10     1.557040         1.000000         0.000000    
         t1s11     1.507890         1.000000         0.000000    
         t1s12     1.400580         1.000000         0.000000    
         t1s13     1.330050         1.000000         0.000000    
         t1s14     1.118190         1.000000         0.000000    
         t1s15     1.111740         1.000000         0.000000    
         t1s16    0.9814210         1.000000         0.000000    
         t1s17    0.9869190         1.000000         0.000000    
         t1s18     1.007660         1.000000         0.000000    
         t1s19     1.192900         1.000000         0.000000    
         t1s20     1.337050         1.000000         0.000000    
         t1s21     1.246780         1.000000         0.000000    
         t1s22    0.7973290         1.000000         0.000000    
         t1s23    0.4371330         1.000000         0.000000    
         t1f00    0.3894770         1.000000         0.000000    
         t1f01    0.3194770         1.000000         0.000000    
         t1f02    0.3394770         1.000000         0.000000    
         t1f03    0.3894770         1.000000         0.000000    
         t1f04    0.7208620         1.000000         0.000000    
         t1f05     1.237420         1.000000         0.000000    
         t1f06     1.475730         1.000000         0.000000    
         t1f07     1.501160         1.000000         0.000000    
         t1f08     1.547350         1.000000         0.000000    
         t1f09     1.699520         1.000000         0.000000    
         t1f10     1.907920         1.000000         0.000000    
         t1f11     1.850640         1.000000         0.000000    
         t1f12     1.719110         1.000000         0.000000    
         t1f13     1.462670         1.000000         0.000000    
         t1f14     1.158850         1.000000         0.000000    
         t1f15     1.064740         1.000000         0.000000    
         t1f16    0.9481920         1.000000         0.000000    
         t1f17    0.6895340         1.000000         0.000000    
         t1f18    0.7385260         1.000000         0.000000    
         t1f19    0.7485920         1.000000         0.000000    
         t1f20    0.6962830         1.000000         0.000000    
         t1f21    0.5683110         1.000000         0.000000    
         t1f22    0.4000000         1.000000         0.000000    
         t1f23    0.4494770         1.000000         0.000000    
         t2s00    0.5331550         1.000000         0.000000    
         t2s01    0.3431550         1.000000         0.000000    
         t2s02    0.1031550         1.000000         0.000000    
         t2s03    3.6000000E-02     1.000000         0.000000    
         t2s04    0.1200000         1.000000         0.000000    
         t2s05     1.284390         1.000000         0.000000    
         t2s06     1.555840         1.000000         0.000000    
         t2s07     1.778200         1.000000         0.000000    
         t2s08     1.654190         1.000000         0.000000    
         t2s09     1.620540         1.000000         0.000000    
         t2s10     1.650760         1.000000         0.000000    
         t2s11     1.675550         1.000000         0.000000    
         t2s12     1.662110         1.000000         0.000000    
         t2s13     1.568370         1.000000         0.000000    
         t2s14     1.169270         1.000000         0.000000    
         t2s15    0.8316680         1.000000         0.000000    
         t2s16    0.9207540         1.000000         0.000000    
         t2s17    0.7429800         1.000000         0.000000    
         t2s18    0.6322040         1.000000         0.000000    
         t2s19    0.9628180         1.000000         0.000000    
         t2s20    0.8331550         1.000000         0.000000    
         t2s21    0.8130290         1.000000         0.000000    
         t2s22    0.7630200         1.000000         0.000000    
         t2s23    0.7431550         1.000000         0.000000    
         t2f00    0.3780210         1.000000         0.000000    
         t2f01    0.3480210         1.000000         0.000000    
         t2f02    0.2680210         1.000000         0.000000    
         t2f03    0.1980210         1.000000         0.000000    
         t2f04    0.4606700         1.000000         0.000000    
         t2f05    0.1760000         1.000000         0.000000    
         t2f06    0.5920000         1.000000         0.000000    
         t2f07     1.269450         1.000000         0.000000    
         t2f08     1.544210         1.000000         0.000000    
         t2f09     1.857130         1.000000         0.000000    
         t2f10     1.833590         1.000000         0.000000    
         t2f11     1.603580         1.000000         0.000000    
         t2f12     1.649630         1.000000         0.000000    
         t2f13     1.449950         1.000000         0.000000    
         t2f14     1.561580         1.000000         0.000000    
         t2f15     1.113070         1.000000         0.000000    
         t2f16     1.158230         1.000000         0.000000    
         t2f17     1.124220         1.000000         0.000000    
         t2f18     1.264690         1.000000         0.000000    
         t2f19     1.236190         1.000000         0.000000    
         t2f20     1.265020         1.000000         0.000000    
         t2f21    0.8500180         1.000000         0.000000    
         t2f22    0.3852150         1.000000         0.000000    
         t2f23    0.4280210         1.000000         0.000000    
         t4s00    0.3963830         1.000000         0.000000    
         t4s01    0.4963830         1.000000         0.000000    
         t4s02    0.4663830         1.000000         0.000000    
         t4s03    0.1263830         1.000000         0.000000    
         t4s04    0.2763830         1.000000         0.000000    
         t4s05     1.256380         1.000000         0.000000    
         t4s06     1.627980         1.000000         0.000000    
         t4s07     1.708270         1.000000         0.000000    
         t4s08     1.797890         1.000000         0.000000    
         t4s09     1.972380         1.000000         0.000000    
         t4s10     1.537880         1.000000         0.000000    
         t4s11     1.607820         1.000000         0.000000    
         t4s12     1.558600         1.000000         0.000000    
         t4s13     1.559860         1.000000         0.000000    
         t4s14     1.410230         1.000000         0.000000    
         t4s15     1.347490         1.000000         0.000000    
         t4s16     1.387460         1.000000         0.000000    
         t4s17     1.107730         1.000000         0.000000    
         t4s18     1.026380         1.000000         0.000000    
         t4s19    0.3863830         1.000000         0.000000    
         t4s20    0.2563830         1.000000         0.000000    
         t4s21    0.1263830         1.000000         0.000000    
         t4s22    0.1663830         1.000000         0.000000    
         t4s23    0.3963830         1.000000         0.000000    
         t4f00    0.1207100         1.000000         0.000000    
         t4f01    0.2207100         1.000000         0.000000    
         t4f02    0.1107100         1.000000         0.000000    
         t4f03    5.0710000E-02     1.000000         0.000000    
         t4f04    0.1007100         1.000000         0.000000    
         t4f05    0.1507100         1.000000         0.000000    
         t4f06    0.7307100         1.000000         0.000000    
         t4f07    0.9806250         1.000000         0.000000    
         t4f08     1.470730         1.000000         0.000000    
         t4f09     1.821100         1.000000         0.000000    
         t4f10     1.650730         1.000000         0.000000    
         t4f11     1.950720         1.000000         0.000000    
         t4f12     1.651340         1.000000         0.000000    
         t4f13     1.571070         1.000000         0.000000    
         t4f14     1.651340         1.000000         0.000000    
         t4f15     1.450730         1.000000         0.000000    
         t4f16     1.550710         1.000000         0.000000    
         t4f17     1.380710         1.000000         0.000000    
         t4f18     1.450710         1.000000         0.000000    
         t4f19     1.100710         1.000000         0.000000    
         t4f20     1.150710         1.000000         0.000000    
         t4f21    0.5607100         1.000000         0.000000    
         t4f22    0.5207100         1.000000         0.000000    
         t4f23    0.6007100         1.000000         0.000000    
         t3s00    5.6000000E-03     1.000000         0.000000    
         t3s01    5.6000000E-03     1.000000         0.000000    
         t3s02    5.6000000E-03     1.000000         0.000000    
         t3s03    1.6800000E-02     1.000000         0.000000    
         t3s04    0.4406300         1.000000         0.000000    
         t3s05    0.6579790         1.000000         0.000000    
         t3s06     1.685000         1.000000         0.000000    
         t3s07     1.572970         1.000000         0.000000    
         t3s08     1.543520         1.000000         0.000000    
         t3s09     1.650510         1.000000         0.000000    
         t3s10     1.578400         1.000000         0.000000    
         t3s11     1.575640         1.000000         0.000000    
         t3s12     1.428250         1.000000         0.000000    
         t3s13     1.335740         1.000000         0.000000    
         t3s14     1.262610         1.000000         0.000000    
         t3s15     1.263420         1.000000         0.000000    
         t3s16     1.256980         1.000000         0.000000    
         t3s17     1.227490         1.000000         0.000000    
         t3s18     1.289740         1.000000         0.000000    
         t3s19     1.280020         1.000000         0.000000    
         t3s20     1.079990         1.000000         0.000000    
         t3s21    0.8601380         1.000000         0.000000    
         t3s22    0.6004700         1.000000         0.000000    
         t3s23    0.4106300         1.000000         0.000000    
         t3f00    0.3482520         1.000000         0.000000    
         t3f01    2.8000000E-02     1.000000         0.000000    
         t3f02    6.8252000E-02     1.000000         0.000000    
         t3f03    6.8252000E-02     1.000000         0.000000    
         t3f04    0.1022180         1.000000         0.000000    
         t3f05    0.8136670         1.000000         0.000000    
         t3f06    0.7924150         1.000000         0.000000    
         t3f07     1.713210         1.000000         0.000000    
         t3f08     1.751410         1.000000         0.000000    
         t3f09     1.695020         1.000000         0.000000    
         t3f10     1.747530         1.000000         0.000000    
         t3f11     1.715510         1.000000         0.000000    
         t3f12     1.680190         1.000000         0.000000    
         t3f13     1.722100         1.000000         0.000000    
         t3f14     1.307860         1.000000         0.000000    
         t3f15     1.240520         1.000000         0.000000    
         t3f16     1.244370         1.000000         0.000000    
         t3f17    0.9987990         1.000000         0.000000    
         t3f18    0.9966320         1.000000         0.000000    
         t3f19     1.023060         1.000000         0.000000    
         t3f20     1.178730         1.000000         0.000000    
         t3f21    0.9259380         1.000000         0.000000    
         t3f22    0.4960890         1.000000         0.000000    
         t3f23    0.3482520         1.000000         0.000000    
         cc141     136.3470         1.000000         0.000000    
         cc142     136.6750         1.000000         0.000000    
         cc143     137.9210         1.000000         0.000000    
        tt1b40    3.5819000E-02     1.000000         0.000000    
         tt1d3    2.2672000E-02     1.000000         0.000000    
        tt1d14    2.8985400E-02     1.000000         0.000000    
        tt1d15    3.2359200E-02     1.000000         0.000000    
        tt1d18    8.4272000E-03     1.000000         0.000000    
        tt1d19    8.4272000E-03     1.000000         0.000000    
        tt1a10    1.0000000E-02     1.000000         0.000000    
        tt1a13    1.5000000E-02     1.000000         0.000000    
        tt1a19    2.5500000E-03     1.000000         0.000000    
        tt1a24    1.5475000E-02     1.000000         0.000000    
         tt1c1    3.8475000E-02     1.000000         0.000000    
         tt1c6    5.9307000E-02     1.000000         0.000000    
        tt1c12    5.0000000E-03     1.000000         0.000000    
        tt1c18    1.9358200E-02     1.000000         0.000000    
        tt1c21    2.1856400E-02     1.000000         0.000000    
        tt1c23    4.4554800E-02     1.000000         0.000000    
        tt1c26    8.5848800E-02     1.000000         0.000000    
        tt1c30    3.5873100E-02     1.000000         0.000000    
        tt1c34    6.6068400E-02     1.000000         0.000000    
        tt1c36    0.1146409         1.000000         0.000000    
        tt1c43    5.2513400E-02     1.000000         0.000000    
         tt1b2    5.0000000E-03     1.000000         0.000000    
         tt1b7    4.5000000E-02     1.000000         0.000000    
        tt1b18    1.4271600E-02     1.000000         0.000000    
      tt1v10_a    1.5000000E-02     1.000000         0.000000    
      tt1v11_b    3.0000000E-02     1.000000         0.000000    
        tt1b70    3.0000000E-02     1.000000         0.000000    
        tt1b71    2.9077700E-02     1.000000         0.000000    
        tt1b73    2.4650700E-02     1.000000         0.000000    
        tt1b77    2.0000000E-02     1.000000         0.000000    
        tt1b80    1.0000000E-02     1.000000         0.000000    
        tt1b82    4.3663000E-02     1.000000         0.000000    
        tt1b76    2.1261400E-02     1.000000         0.000000    
        tt1b23    4.2943200E-02     1.000000         0.000000    
      tt1v12_b    4.4609974E-02     1.000000         0.000000    
      tt1v12_a    1.0000000E-02     1.000000         0.000000    
        tt1b30    1.0000000E-02     1.000000         0.000000    
        tt1b34    2.8239300E-02     1.000000         0.000000    
        tt1b35    1.7018700E-02     1.000000         0.000000    
        tt1b26    7.5000000E-02     1.000000         0.000000    
        tt1b27    7.8670700E-02     1.000000         0.000000    
        tt1b37    6.1849900E-02     1.000000         0.000000    
        tt1b49    2.1248800E-02     1.000000         0.000000    
        tt1b51    2.8815900E-02     1.000000         0.000000    
        tt1b53    2.5000000E-02     1.000000         0.000000    
        tt1b58    3.7809900E-02     1.000000         0.000000    
      tt1v14_a    5.3841207E-02     1.000000         0.000000    
      tt1v14_b    8.7490450E-03     1.000000         0.000000    
        tt1b42    7.6899800E-02     1.000000         0.000000    
        tt1b59    1.0000000E-02     1.000000         0.000000    
        tt1b60    3.5819000E-02     1.000000         0.000000    
        tt1b46    1.0000000E-02     1.000000         0.000000    
        tt1b62    8.9082600E-02     1.000000         0.000000    
        tt1b64    8.7494000E-03     1.000000         0.000000    
        tt1b66    1.9633200E-02     1.000000         0.000000    
        tt1b67    2.1499900E-02     1.000000         0.000000    
        tt1b65    8.7494000E-03     1.000000         0.000000    
        tt1b48    2.7310200E-02     1.000000         0.000000    
        tt1c41    2.6879200E-02     1.000000         0.000000    
        tt1a34    2.1979700E-02     1.000000         0.000000    
        tt1a36    3.7115300E-02     1.000000         0.000000    
       tt1v6_a    2.6610000E-02     1.000000         0.000000    
        tt1a35    1.2485000E-02     1.000000         0.000000    
        tt1a40    4.7759400E-02     1.000000         0.000000    
        tt1a41    7.8214300E-02     1.000000         0.000000    
       tt1v7_a    1.6870000E-02     1.000000         0.000000    
        tt1a38    1.7275000E-02     1.000000         0.000000    
        tt2e23    0.2047845         1.000000         0.000000    
         tt2e6    3.2270000E-03     1.000000         0.000000    
         tt2e9    0.1063860         1.000000         0.000000    
         tt2e7    1.7760000E-02     1.000000         0.000000    
       tt2e9_5    6.5394980E-02     1.000000         0.000000    
        tt2e10    2.7223000E-03     1.000000         0.000000    
        tt2e13    3.9270000E-02     1.000000         0.000000    
        tt2e12    2.1044600E-02     1.000000         0.000000    
        tt2e14    8.9400000E-03     1.000000         0.000000    
        tt2e15    5.1531100E-02     1.000000         0.000000    
        tt2e16    9.7961500E-02     1.000000         0.000000    
      tt2v22_a    2.0864596E-02     1.000000         0.000000    
        tt2e18    1.0100000E-02     1.000000         0.000000    
        tt2e20    9.9720500E-02     1.000000         0.000000    
        tt2e21    2.3205000E-02     1.000000         0.000000    
        tt2e24    1.8030000E-02     1.000000         0.000000    
        tt2e25    2.2052000E-02     1.000000         0.000000    
        tt2e27    4.9260900E-02     1.000000         0.000000    
        tt2e29    0.1521146         1.000000         0.000000    
        tt2e30    1.1505000E-02     1.000000         0.000000    
        tt2e32    3.0829100E-02     1.000000         0.000000    
        tt2e33    8.4700000E-03     1.000000         0.000000    
        tt2e35    0.2795857         1.000000         0.000000    
        tt2e36    4.8188500E-02     1.000000         0.000000    
      tt2v23_a    8.7900000E-03     1.000000         0.000000    
      tt2v23_b    1.7305612E-02     1.000000         0.000000    
        tt2e37    4.2162000E-03     1.000000         0.000000    
        tt2e39    4.5040600E-02     1.000000         0.000000    
        tt2e40    5.9610000E-02     1.000000         0.000000    
        tt2e42    1.5015000E-02     1.000000         0.000000    
        tt2e43    3.0030000E-02     1.000000         0.000000    
        tt2e44    5.5083700E-02     1.000000         0.000000    
        tt4f17    2.5738100E-02     1.000000         0.000000    
        tt4f13    1.2533400E-02     1.000000         0.000000    
        tt4f15    2.6626900E-02     1.000000         0.000000    
        tt4f18    3.5000000E-02     1.000000         0.000000    
        tt4f21    0.1157243         1.000000         0.000000    
        tt4f22    0.1157243         1.000000         0.000000    
        tt4f23    0.1157243         1.000000         0.000000    
        tt4f24    2.6626900E-02     1.000000         0.000000    
        tt3h17    1.5000000E-02     1.000000         0.000000    
      tt3v33_b    1.5000000E-02     1.000000         0.000000    
         tt3h6    1.2931000E-02     1.000000         0.000000    
         tt3h8    1.0000000E-02     1.000000         0.000000    
         tt3h9    5.0000000E-02     1.000000         0.000000    
        tt3h11    3.9600000E-02     1.000000         0.000000    
        tt3h34    3.0000000E-02     1.000000         0.000000    
        tt3h36    7.0005600E-02     1.000000         0.000000    
        tt3h39    6.7696800E-02     1.000000         0.000000    
        tt3h41    3.9831300E-02     1.000000         0.000000    
      tt3v34_a    4.2127283E-02     1.000000         0.000000    
      tt3v36_b    1.0000000E-02     1.000000         0.000000    
        tt3h55    0.1956595         1.000000         0.000000    
        tt3h58    0.1411861         1.000000         0.000000    
        tt3h61    7.8207800E-02     1.000000         0.000000    
        tt3h64    0.1432167         1.000000         0.000000    
        tt3h78    2.5358500E-02     1.000000         0.000000    
        tt3h79    2.5358500E-02     1.000000         0.000000    
      tt3v38_a    6.0000000E-02     1.000000         0.000000    
        tt3h81    1.5000000E-02     1.000000         0.000000    
        tt3h82    6.0000000E-02     1.000000         0.000000    
      tt3v39_b    0.1284243         1.000000         0.000000    
        tt3h67    9.1407800E-02     1.000000         0.000000    
        tt3h70    4.5000000E-02     1.000000         0.000000    
        tt3h73    0.1348854         1.000000         0.000000    
        tt3h75    4.5000000E-02     1.000000         0.000000    
      tt3v35_b    5.3950925E-02     1.000000         0.000000    
      tt3v34_b    1.8100597E-02     1.000000         0.000000    
        tt3h43    4.2145200E-02     1.000000         0.000000    
        tt3h44    0.1050000         1.000000         0.000000    
        tt3h45    4.2127200E-02     1.000000         0.000000    
        tt3h47    3.0000000E-02     1.000000         0.000000    
        tt3h49    1.0000000E-02     1.000000         0.000000    
        tt3h50    7.5000000E-02     1.000000         0.000000    
        tt3h52    5.0000000E-03     1.000000         0.000000    
      tt3v32_a    4.5000000E-02     1.000000         0.000000    
        tt3h15    0.1650000         1.000000         0.000000    
        tt3h13    0.1049143         1.000000         0.000000    
        tt3h12    3.5160200E-02     1.000000         0.000000    
        tt3h29    1.2922300E-02     1.000000         0.000000    
        tt3h27    3.0000000E-02     1.000000         0.000000    
        tt3h25    2.3851100E-02     1.000000         0.000000    
        tt3h22    2.0000000E-02     1.000000         0.000000    
        tt3h20    2.6225200E-02     1.000000         0.000000    
        tt3h18    4.5000000E-02     1.000000         0.000000    
      tt3v54_b    2.2154212E-02     1.000000         0.000000    
      tt3v43_b    1.0000000E-02     1.000000         0.000000    
       tt3i_14    6.0000000E-02     1.000000         0.000000    
       tt3i_94    1.5000000E-02     1.000000         0.000000    
       tt3i_15    0.1350000         1.000000         0.000000    
       tt3i_16    9.5162420E-02     1.000000         0.000000    
      tt3v44_b    4.5000000E-02     1.000000         0.000000    
      tt3v45_a    9.8795220E-02     1.000000         0.000000    
      tt3v45_b    9.0000000E-02     1.000000         0.000000    
       tt3i_36    0.1800000         1.000000         0.000000    
       tt3i_37    0.1350000         1.000000         0.000000    
       tt3i_39    3.0000000E-02     1.000000         0.000000    
      tt3v46_a    1.4815000E-02     1.000000         0.000000    
       tt3i_18    1.3636350E-02     1.000000         0.000000    
       tt3i_23    5.0661500E-03     1.000000         0.000000    
       tt3i_24    2.0000000E-02     1.000000         0.000000    
       tt3i_25    0.1018617         1.000000         0.000000    
       tt3i_27    7.5000000E-02     1.000000         0.000000    
       tt3i_31    5.8658350E-02     1.000000         0.000000    
       tt3i_29    9.0000000E-02     1.000000         0.000000    
       tt3i_33    1.4396480E-02     1.000000         0.000000    
       tt3i_84    4.0690390E-02     1.000000         0.000000    
      tt3v56_b    1.0000000E-02     1.000000         0.000000    
       tt3i_79    4.0000000E-02     1.000000         0.000000    
       tt3i_82    4.0000000E-02     1.000000         0.000000    
       tt3i_90    4.2395840E-02     1.000000         0.000000    
       tt3i_92    2.0000000E-02     1.000000         0.000000    
       tt3i_93    5.4006750E-02     1.000000         0.000000    
       tt3i_87    0.2250000         1.000000         0.000000    
       tt3i_88    4.0000000E-02     1.000000         0.000000    
       tt3i_85    5.4006750E-02     1.000000         0.000000    
      tt3v47_a    1.4899732E-02     1.000000         0.000000    
       tt3i_42    0.1682256         1.000000         0.000000    
       tt3i_41    1.4899750E-02     1.000000         0.000000    
       tt3i_44    2.0000000E-02     1.000000         0.000000    
      tt3v48_a    6.0000000E-02     1.000000         0.000000    
      tt3v52_b    1.4899732E-02     1.000000         0.000000    
      tt3v49_b    8.6764264E-02     1.000000         0.000000    
      tt3v53_b    5.0000000E-03     1.000000         0.000000    
       tt3i_77    5.0000000E-02     1.000000         0.000000    
       tt3i_65    0.1634068         1.000000         0.000000    
       tt3i_66    4.2942250E-02     1.000000         0.000000    
       tt3i_67    6.0000000E-02     1.000000         0.000000    
       tt3i_69    5.5000000E-02     1.000000         0.000000    
       tt3i_71    0.1350000         1.000000         0.000000    
       tt3i_73    7.7997090E-02     1.000000         0.000000    
       tt3i_75    7.7893530E-02     1.000000         0.000000    
       tt3i_76    9.8309010E-02     1.000000         0.000000    
       tt3i_46    0.1350000         1.000000         0.000000    
       tt3i_48    6.0000000E-02     1.000000         0.000000    
       tt3i_49    4.1982580E-02     1.000000         0.000000    
      tt3v51_b    1.0000000E-02     1.000000         0.000000    
       tt3i_58    6.0000000E-02     1.000000         0.000000    
       tt3i_51    6.0000000E-02     1.000000         0.000000    
       tt3i_53    1.0000000E-02     1.000000         0.000000    
       tt3i_56    9.9403200E-02     1.000000         0.000000    
       tt3i_57    3.5000000E-02     1.000000         0.000000    
      tt3v50_b    6.0000000E-02     1.000000         0.000000    
       tt3i_62    4.1982580E-02     1.000000         0.000000    
      tt4v58_b    3.0000000E-02     1.000000         0.000000    
      tt4v59_b    6.0000000E-02     1.000000         0.000000    
        tt1b44    1.0000000E-04     1.000000         0.000000    
        kkkkt2     11.62765         1.000000         0.000000    
       kkkkt85    0.5800000         1.000000         0.000000    
       kkkkt86     1.000000         1.000000         0.000000    
       kkkkt87    0.1000000         1.000000         0.000000    
       kkkkt88    0.9000000         1.000000         0.000000    
       kkkkt89    0.1000000         1.000000         0.000000    
       kkkkt90    0.1000000         1.000000         0.000000    
       kkkkt91    0.1000000         1.000000         0.000000    
       kkkkt92    0.1000000         1.000000         0.000000    
        kkkkt3     8.531158         1.000000         0.000000    
        kkkkt4     4.340752         1.000000         0.000000    
        kkkkt5     12.48456         1.000000         0.000000    
        kkkkt6     4.867891         1.000000         0.000000    
        kkkkt7     2.604006         1.000000         0.000000    
       kkkkt70    0.1000000         1.000000         0.000000    
       kkkkt71    0.1000000         1.000000         0.000000    
       kkkkt73    0.1000000         1.000000         0.000000    
       kkkkt74    0.1000000         1.000000         0.000000    
       kkkkt75    0.1000000         1.000000         0.000000    
       kkkkt76    0.1000000         1.000000         0.000000    
       kkkkt77     1.000000         1.000000         0.000000    
       kkkkt78     2.080000         1.000000         0.000000    
       kkkkt79    0.2800000         1.000000         0.000000    
       kkkkt80    0.1000000         1.000000         0.000000    
       kkkkt81     1.180000         1.000000         0.000000    
       kkkkt69     1.900000         1.000000         0.000000    
       kkkkt28     1.000000         1.000000         0.000000    
       kkkkt29     1.770000         1.000000         0.000000    
       kkkkt30    0.1000000         1.000000         0.000000    
       kkkkt31     7.130173         1.000000         0.000000    
       kkkkt32     7.130173         1.000000         0.000000    
       kkkkt33    0.2800000         1.000000         0.000000    
       kkkkt34     2.077493         1.000000         0.000000    
       kkkkt62    0.1000000         1.000000         0.000000    
       kkkkt63    0.1000000         1.000000         0.000000    
       kkkkt64     1.950000         1.000000         0.000000    
       kkkkt65    0.1000000         1.000000         0.000000    
       kkkkt66    0.1000000         1.000000         0.000000    
       kkkkt67    0.1000000         1.000000         0.000000    
       kkkkt68    0.1000000         1.000000         0.000000    
       kkkkt35    0.1000000         1.000000         0.000000    
       kkkkt36     2.359987         1.000000         0.000000    
       kkkkt41    0.1000000         1.000000         0.000000    
       kkkkt42    0.9038247         1.000000         0.000000    
       kkkkt40    0.1000000         1.000000         0.000000    
       kkkkt43     1.578095         1.000000         0.000000    
       kkkkt37     1.000000         1.000000         0.000000    
       kkkkt38    0.1000000         1.000000         0.000000    
       kkkkt39    0.1000000         1.000000         0.000000    
       kkkkt44     1.586715         1.000000         0.000000    
       kkkkt51    0.1000000         1.000000         0.000000    
       kkkkt52    0.1000000         1.000000         0.000000    
       kkkkt53    0.1000000         1.000000         0.000000    
       kkkkt54    0.1000000         1.000000         0.000000    
       kkkkt45    0.1000000         1.000000         0.000000    
       kkkkt46    0.1000000         1.000000         0.000000    
       kkkkt47    0.1000000         1.000000         0.000000    
       kkkkt48     1.580000         1.000000         0.000000    
       kkkkt55    0.2800000         1.000000         0.000000    
       kkkkt49     1.580000         1.000000         0.000000    
       kkkkt57    0.1000000         1.000000         0.000000    
       kkkkt58    0.1000000         1.000000         0.000000    
       kkkkt59     1.400000         1.000000         0.000000    
       kkkkt60    0.1000000         1.000000         0.000000    
       kkkkt61    0.1000000         1.000000         0.000000    
       kkkkt50    0.1000000         1.000000         0.000000    
       kkkkt82    0.1000000         1.000000         0.000000    
       kkkkt83    0.1000000         1.000000         0.000000    
        kkkkt8     5.328751         1.000000         0.000000    
       kkkkt12     3.355000         1.000000         0.000000    
       kkkkt10     4.742500         1.000000         0.000000    
       kkkkt11     2.832000         1.000000         0.000000    
       kkkkt15     1.780500         1.000000         0.000000    
       kkkkt13     1.415500         1.000000         0.000000    
       kkkkt14     1.613500         1.000000         0.000000    
       kkkkt19     1.400000         1.000000         0.000000    
       kkkkt20     1.775996         1.000000         0.000000    
       kkkkt17     2.282500         1.000000         0.000000    
       kkkkt18     1.707500         1.000000         0.000000    
       kkkkt93     3.371715         1.000000         0.000000    
       kkkkt94     1.577729         1.000000         0.000000    
       kkkkt27     11.02667         1.000000         0.000000    
       kkkkt25     4.805371         1.000000         0.000000    
       kkkkt26    0.6000000         1.000000         0.000000    
       kkkkt24     6.301954         1.000000         0.000000    
       kkkkt95     1.577729         1.000000         0.000000    
      kkkkt204     1.400000         1.000000         0.000000    
       kkkkt96     1.577729         1.000000         0.000000    
       kkkkt97    0.1000000         1.000000         0.000000    
       kkkkt98    0.1000000         1.000000         0.000000    
       kkkkt99     1.889632         1.000000         0.000000    
      kkkkt100    0.1000000         1.000000         0.000000    
      kkkkt101     1.896432         1.000000         0.000000    
      kkkkt102    0.4700000         1.000000         0.000000    
      kkkkt103     1.580000         1.000000         0.000000    
      kkkkt104    0.1000000         1.000000         0.000000    
      kkkkt105    0.1000000         1.000000         0.000000    
      kkkkt106     1.766677         1.000000         0.000000    
      kkkkt107     1.000000         1.000000         0.000000    
      kkkkt108    0.1000000         1.000000         0.000000    
      kkkkt109    0.4700631         1.000000         0.000000    
      kkkkt110     2.435501         1.000000         0.000000    
      kkkkt111    0.9820567         1.000000         0.000000    
      kkkkt112     1.843573         1.000000         0.000000    
      kkkkt113     1.770000         1.000000         0.000000    
      kkkkt114    0.1000000         1.000000         0.000000    
      kkkkt115    0.1000000         1.000000         0.000000    
      kkkkt116    0.1000000         1.000000         0.000000    
      kkkkt117    0.2800000         1.000000         0.000000    
      kkkkt118    0.1000000         1.000000         0.000000    
      kkkkt119     1.395626         1.000000         0.000000    
      kkkkt120     1.400000         1.000000         0.000000    
      kkkkt121    0.1000000         1.000000         0.000000    
      kkkkt122    0.1000000         1.000000         0.000000    
      kkkkt123     1.895343         1.000000         0.000000    
      kkkkt124    0.1000000         1.000000         0.000000    
      kkkkt125    0.1000000         1.000000         0.000000    
      kkkkt126    0.1000000         1.000000         0.000000    
      kkkkt127     1.577055         1.000000         0.000000    
      kkkkt128    0.1000000         1.000000         0.000000    
      kkkkt129    0.1000000         1.000000         0.000000    
      kkkkt132     2.080000         1.000000         0.000000    
      kkkkt130     1.000000         1.000000         0.000000    
      kkkkt133    0.2800000         1.000000         0.000000    
      kkkkt134    0.1000000         1.000000         0.000000    
      kkkkt135    0.1000000         1.000000         0.000000    
      kkkkt136    0.1000000         1.000000         0.000000    
      kkkkt137     1.760000         1.000000         0.000000    
      kkkkt140    0.1000000         1.000000         0.000000    
      kkkkt141    0.2800000         1.000000         0.000000    
      kkkkt142    0.1000000         1.000000         0.000000    
      kkkkt145     2.095883         1.000000         0.000000    
      kkkkt143     1.000000         1.000000         0.000000    
      kkkkt147     2.030656         1.000000         0.000000    
      kkkkt146     1.387141         1.000000         0.000000    
    kkkktcs_t3    0.1000000         1.000000         0.000000    
      kkkkt203    0.1000000         1.000000         0.000000    
      kkkkt151     3.677952         1.000000         0.000000    
      kkkkt169    0.1000134         1.000000         0.000000    
      kkkkt152    0.1000000         1.000000         0.000000    
      kkkkt153     1.778128         1.000000         0.000000    
      kkkkt155    0.1000000         1.000000         0.000000    
      kkkkt156    0.1000000         1.000000         0.000000    
      kkkkt170    0.1000000         1.000000         0.000000    
      kkkkt171    0.1000000         1.000000         0.000000    
      kkkkt172    0.1000000         1.000000         0.000000    
      kkkkt173    0.1000000         1.000000         0.000000    
      kkkkt174     1.573923         1.000000         0.000000    
      kkkkt184    0.1000000         1.000000         0.000000    
      kkkkt185    0.1000000         1.000000         0.000000    
      kkkkt186    0.1000000         1.000000         0.000000    
      kkkkt187    0.1000000         1.000000         0.000000    
      kkkkt188     2.140000         1.000000         0.000000    
      kkkkt195     1.545269         1.000000         0.000000    
      kkkkt196    0.1000000         1.000000         0.000000    
      kkkkt197    0.1000000         1.000000         0.000000    
      kkkkt198    0.9939710         1.000000         0.000000    
      kkkkt199    0.1000000         1.000000         0.000000    
      kkkkt200    0.1000000         1.000000         0.000000    
      kkkkt189    0.1000000         1.000000         0.000000    
      kkkkt190    0.1000000         1.000000         0.000000    
      kkkkt191    0.1000000         1.000000         0.000000    
      kkkkt192    0.1000000         1.000000         0.000000    
      kkkkt193    0.1000000         1.000000         0.000000    
      kkkkt194    0.1000000         1.000000         0.000000    
      kkkkt175    0.1000000         1.000000         0.000000    
      kkkkt176    0.1000000         1.000000         0.000000    
      kkkkt177    0.1000000         1.000000         0.000000    
      kkkkt178    0.1000000         1.000000         0.000000    
      kkkkt179    0.1000000         1.000000         0.000000    
      kkkkt180     1.070000         1.000000         0.000000    
      kkkkt181    0.1000000         1.000000         0.000000    
      kkkkt182    0.1000000         1.000000         0.000000    
      kkkkt183    0.1000000         1.000000         0.000000    
      kkkkt159    0.1000000         1.000000         0.000000    
      kkkkt158    0.1000000         1.000000         0.000000    
      kkkkt157    0.1000000         1.000000         0.000000    
      kkkkt168    0.1000134         1.000000         0.000000    
      kkkkt167    0.1000134         1.000000         0.000000    
      kkkkt166    0.1000134         1.000000         0.000000    
      kkkkt165    0.1000134         1.000000         0.000000    
      kkkkt164    0.1000000         1.000000         0.000000    
      kkkkt163    0.9995143         1.000000         0.000000    
      kkkkt162     1.579233         1.000000         0.000000    
      kkkkt205     1.910206         1.000000         0.000000    
      kkkkt206    0.1000000         1.000000         0.000000    
      kkkkt207    0.4916861         1.000000         0.000000    
      kkkkt208     1.616981         1.000000         0.000000    
      kkkkt209    0.1000000         1.000000         0.000000    
      kkkkt229     1.555195         1.000000         0.000000    
      kkkkt210     3.054143         1.000000         0.000000    
      kkkkt211    0.1000000         1.000000         0.000000    
      kkkkt212    0.1000000         1.000000         0.000000    
      kkkkt213     1.580000         1.000000         0.000000    
      kkkkt214    0.1000000         1.000000         0.000000    
      kkkkt223    0.1000000         1.000000         0.000000    
      kkkkt224     1.816834         1.000000         0.000000    
      kkkkt225    0.1000000         1.000000         0.000000    
      kkkkt226     1.128501         1.000000         0.000000    
      kkkkt227    0.1000000         1.000000         0.000000    
      kkkkt228    0.1000000         1.000000         0.000000    
      kkkkt215    0.1000000         1.000000         0.000000    
      kkkkt216    0.1000000         1.000000         0.000000    
      kkkkt217    0.1000000         1.000000         0.000000    
      kkkkt218    0.1000000         1.000000         0.000000    
      kkkkt219    0.1000000         1.000000         0.000000    
      kkkkt220    0.1000000         1.000000         0.000000    
      kkkkt221    0.1000000         1.000000         0.000000    
      kkkkt260    0.1000000         1.000000         0.000000    
      kkkkt261    0.1000000         1.000000         0.000000    
      kkkkt262     1.760000         1.000000         0.000000    
      kkkkt267    0.1000000         1.000000         0.000000    
      kkkkt268    0.1000000         1.000000         0.000000    
      kkkkt269    0.1000000         1.000000         0.000000    
      kkkkt270    0.1000000         1.000000         0.000000    
      kkkkt264    0.1000000         1.000000         0.000000    
      kkkkt265    0.1000000         1.000000         0.000000    
      kkkkt266    0.1000000         1.000000         0.000000    
      kkkkt230    0.1000000         1.000000         0.000000    
      kkkkt231    0.8909295         1.000000         0.000000    
      kkkkt232    0.8909295         1.000000         0.000000    
      kkkkt233     1.769140         1.000000         0.000000    
      kkkkt234     1.949053         1.000000         0.000000    
      kkkkt235    0.1000000         1.000000         0.000000    
      kkkkt257    0.1000000         1.000000         0.000000    
      kkkkt258     1.900000         1.000000         0.000000    
      kkkkt249     1.580000         1.000000         0.000000    
      kkkkt250    0.1000000         1.000000         0.000000    
      kkkkt251    0.1000000         1.000000         0.000000    
      kkkkt252    0.1000000         1.000000         0.000000    
      kkkkt253    0.1000000         1.000000         0.000000    
      kkkkt254    0.1000000         1.000000         0.000000    
      kkkkt255    0.1000000         1.000000         0.000000    
      kkkkt256    0.1000000         1.000000         0.000000    
      kkkkt236    0.1000000         1.000000         0.000000    
      kkkkt237    0.1000000         1.000000         0.000000    
      kkkkt246    0.1000000         1.000000         0.000000    
      kkkkt245    0.1000000         1.000000         0.000000    
      kkkkt240    0.1000000         1.000000         0.000000    
      kkkkt241    0.1000000         1.000000         0.000000    
      kkkkt242     1.000000         1.000000         0.000000    
      kkkkt243     1.580000         1.000000         0.000000    
      kkkkt244    0.1000000         1.000000         0.000000    
     kkkkte1_a     1.205539         1.000000         0.000000    
     kkkkte1_b     2.003194         1.000000         0.000000    
        kkkkt9    0.1000000         1.000000         0.000000    
       kkkkt16    0.1000000         1.000000         0.000000    
       kkkkt21    0.1000000         1.000000         0.000000    
       kkkkt22     4.426723         1.000000         0.000000    
       kkkkt23     4.716621         1.000000         0.000000    
       kkkkt56    0.1000000         1.000000         0.000000    
       kkkkt72     2.080000         1.000000         0.000000    
     kkkkts_t4    0.1000000         1.000000         0.000000    
      kkkkt131    0.9987717         1.000000         0.000000    
      kkkkt144     1.377784         1.000000         0.000000    
      kkkkt148     1.868028         1.000000         0.000000    
      kkkkt150     1.920158         1.000000         0.000000    
      kkkkt149    0.1000000         1.000000         0.000000    
      kkkkt154    0.1000000         1.000000         0.000000    
      kkkkt160    0.1000000         1.000000         0.000000    
      kkkkt161    0.1000000         1.000000         0.000000    
      kkkkt201    0.1000000         1.000000         0.000000    
      kkkkt202     1.375767         1.000000         0.000000    
      kkkkt222    0.1000000         1.000000         0.000000    
      kkkkt238     1.400188         1.000000         0.000000    
      kkkkt247    0.1000000         1.000000         0.000000    
      kkkkt239     2.880387         1.000000         0.000000    
      kkkkt248    0.1000000         1.000000         0.000000    
      kkkkt259    0.1000000         1.000000         0.000000    
      kkkkt263    0.1000000         1.000000         0.000000    
       kkkkt84     4.173500         1.000000         0.000000    
      kkkkt271    0.1000000         1.000000         0.000000    
      kkkkt272    0.1000000         1.000000         0.000000    
      kkkkt139    0.1000000         1.000000         0.000000    
      kkkkt138    0.1000000         1.000000         0.000000    
      kkkkt1_a    0.1000000         1.000000         0.000000    
      kkkkt1_b    0.1000000         1.000000         0.000000    
         kkkk1     7.002430         1.000000         0.000000    
         kkkk2     7.002430         1.000000         0.000000    
         v4tt4     149.0110         1.000000         0.000000    
         v3tt2     328.1620         1.000000         0.000000    
       vet4tt4     150.0000         1.000000         0.000000    
       vet1tt1     92.19254         1.000000         0.000000    
          vgen    0.2391600         1.000000         0.000000    
      t3boya18     100.0000         1.000000         0.000000    
      t3boya19     51.71600         1.000000         0.000000    
      t3boya20     100.0000         1.000000         0.000000    
      t3boya21     86.14436         1.000000         0.000000    
      t3boya22     53.95172         1.000000         0.000000    
      t3boya23     80.95850         1.000000         0.000000    
      t3boya62     60.00000         1.000000         0.000000    
       v2valve     37.00000         1.000000         0.000000    
